1.289330000000000000e+05,1.844000000000000000e+03,1.763000000000000000e+03,2.349000000000000000e+03,2.341580000000000000e+05
1.289530000000000000e+05,1.844000000000000000e+03,1.761000000000000000e+03,2.352000000000000000e+03,2.342730000000000000e+05
1.289730000000000000e+05,1.841000000000000000e+03,1.760000000000000000e+03,2.351000000000000000e+03,2.343640000000000000e+05
1.289930000000000000e+05,1.841000000000000000e+03,1.771000000000000000e+03,2.355000000000000000e+03,2.343940000000000000e+05
1.290130000000000000e+05,1.842000000000000000e+03,1.765000000000000000e+03,2.353000000000000000e+03,2.344280000000000000e+05
1.290330000000000000e+05,1.845000000000000000e+03,1.767000000000000000e+03,2.355000000000000000e+03,2.344430000000000000e+05
1.290530000000000000e+05,1.846000000000000000e+03,1.763000000000000000e+03,2.350000000000000000e+03,2.345100000000000000e+05
1.290730000000000000e+05,1.841000000000000000e+03,1.767000000000000000e+03,2.352000000000000000e+03,2.345650000000000000e+05
1.290930000000000000e+05,1.843000000000000000e+03,1.766000000000000000e+03,2.350000000000000000e+03,2.345880000000000000e+05
1.291130000000000000e+05,1.846000000000000000e+03,1.768000000000000000e+03,2.357000000000000000e+03,2.346210000000000000e+05
1.291330000000000000e+05,1.855000000000000000e+03,1.763000000000000000e+03,2.355000000000000000e+03,2.346420000000000000e+05
1.291530000000000000e+05,1.841000000000000000e+03,1.762000000000000000e+03,2.357000000000000000e+03,2.346760000000000000e+05
1.291730000000000000e+05,1.844000000000000000e+03,1.762000000000000000e+03,2.352000000000000000e+03,2.347140000000000000e+05
1.291930000000000000e+05,1.850000000000000000e+03,1.764000000000000000e+03,2.355000000000000000e+03,2.347230000000000000e+05
1.292130000000000000e+05,1.846000000000000000e+03,1.766000000000000000e+03,2.353000000000000000e+03,2.346960000000000000e+05
1.292330000000000000e+05,1.840000000000000000e+03,1.766000000000000000e+03,2.351000000000000000e+03,2.345700000000000000e+05
1.292530000000000000e+05,1.842000000000000000e+03,1.758000000000000000e+03,2.355000000000000000e+03,2.341920000000000000e+05
1.292730000000000000e+05,1.845000000000000000e+03,1.763000000000000000e+03,2.351000000000000000e+03,2.337620000000000000e+05
1.292930000000000000e+05,1.840000000000000000e+03,1.763000000000000000e+03,2.352000000000000000e+03,2.334440000000000000e+05
1.293130000000000000e+05,1.842000000000000000e+03,1.759000000000000000e+03,2.353000000000000000e+03,2.333840000000000000e+05
1.293330000000000000e+05,1.842000000000000000e+03,1.763000000000000000e+03,2.351000000000000000e+03,2.334520000000000000e+05
1.293530000000000000e+05,1.843000000000000000e+03,1.763000000000000000e+03,2.358000000000000000e+03,2.335640000000000000e+05
1.293730000000000000e+05,1.843000000000000000e+03,1.762000000000000000e+03,2.352000000000000000e+03,2.336790000000000000e+05
1.293930000000000000e+05,1.846000000000000000e+03,1.769000000000000000e+03,2.353000000000000000e+03,2.337580000000000000e+05
1.294130000000000000e+05,1.843000000000000000e+03,1.762000000000000000e+03,2.349000000000000000e+03,2.337710000000000000e+05
1.294330000000000000e+05,1.843000000000000000e+03,1.765000000000000000e+03,2.351000000000000000e+03,2.337960000000000000e+05
1.294530000000000000e+05,1.844000000000000000e+03,1.763000000000000000e+03,2.352000000000000000e+03,2.337690000000000000e+05
1.294730000000000000e+05,1.847000000000000000e+03,1.762000000000000000e+03,2.351000000000000000e+03,2.337800000000000000e+05
1.294930000000000000e+05,1.840000000000000000e+03,1.760000000000000000e+03,2.352000000000000000e+03,2.338400000000000000e+05
1.295130000000000000e+05,1.845000000000000000e+03,1.766000000000000000e+03,2.352000000000000000e+03,2.338910000000000000e+05
1.295330000000000000e+05,1.843000000000000000e+03,1.766000000000000000e+03,2.355000000000000000e+03,2.339720000000000000e+05
1.295530000000000000e+05,1.843000000000000000e+03,1.766000000000000000e+03,2.352000000000000000e+03,2.339970000000000000e+05
1.295730000000000000e+05,1.846000000000000000e+03,1.762000000000000000e+03,2.350000000000000000e+03,2.340170000000000000e+05
1.295920000000000000e+05,1.843000000000000000e+03,1.763000000000000000e+03,2.355000000000000000e+03,2.340090000000000000e+05
1.296120000000000000e+05,1.841000000000000000e+03,1.760000000000000000e+03,2.353000000000000000e+03,2.340420000000000000e+05
1.296320000000000000e+05,1.841000000000000000e+03,1.767000000000000000e+03,2.352000000000000000e+03,2.340840000000000000e+05
1.296520000000000000e+05,1.845000000000000000e+03,1.766000000000000000e+03,2.352000000000000000e+03,2.341010000000000000e+05
1.296720000000000000e+05,1.842000000000000000e+03,1.766000000000000000e+03,2.355000000000000000e+03,2.341600000000000000e+05
1.296920000000000000e+05,1.843000000000000000e+03,1.765000000000000000e+03,2.352000000000000000e+03,2.342360000000000000e+05
1.297120000000000000e+05,1.849000000000000000e+03,1.763000000000000000e+03,2.331000000000000000e+03,2.343050000000000000e+05
1.297320000000000000e+05,1.844000000000000000e+03,1.767000000000000000e+03,2.352000000000000000e+03,2.343420000000000000e+05
1.297520000000000000e+05,1.845000000000000000e+03,1.762000000000000000e+03,2.351000000000000000e+03,2.343770000000000000e+05
1.297720000000000000e+05,1.845000000000000000e+03,1.762000000000000000e+03,2.353000000000000000e+03,2.344030000000000000e+05
1.297920000000000000e+05,1.846000000000000000e+03,1.743000000000000000e+03,2.351000000000000000e+03,2.344310000000000000e+05
1.298120000000000000e+05,1.843000000000000000e+03,1.763000000000000000e+03,2.354000000000000000e+03,2.344470000000000000e+05
1.298320000000000000e+05,1.841000000000000000e+03,1.758000000000000000e+03,2.352000000000000000e+03,2.344630000000000000e+05
1.298520000000000000e+05,1.840000000000000000e+03,1.766000000000000000e+03,2.353000000000000000e+03,2.344840000000000000e+05
1.298720000000000000e+05,1.845000000000000000e+03,1.765000000000000000e+03,2.351000000000000000e+03,2.345360000000000000e+05
1.298920000000000000e+05,1.843000000000000000e+03,1.766000000000000000e+03,2.352000000000000000e+03,2.345800000000000000e+05
1.299120000000000000e+05,1.843000000000000000e+03,1.766000000000000000e+03,2.350000000000000000e+03,2.346250000000000000e+05
1.299320000000000000e+05,1.841000000000000000e+03,1.767000000000000000e+03,2.351000000000000000e+03,2.346840000000000000e+05
1.299520000000000000e+05,1.845000000000000000e+03,1.765000000000000000e+03,2.350000000000000000e+03,2.347390000000000000e+05
1.299720000000000000e+05,1.842000000000000000e+03,1.763000000000000000e+03,2.353000000000000000e+03,2.347920000000000000e+05
1.299920000000000000e+05,1.845000000000000000e+03,1.773000000000000000e+03,2.351000000000000000e+03,2.348210000000000000e+05
1.300120000000000000e+05,1.846000000000000000e+03,1.762000000000000000e+03,2.352000000000000000e+03,2.348290000000000000e+05
1.300320000000000000e+05,1.841000000000000000e+03,1.759000000000000000e+03,2.355000000000000000e+03,2.347560000000000000e+05
1.300520000000000000e+05,1.841000000000000000e+03,1.766000000000000000e+03,2.353000000000000000e+03,2.345030000000000000e+05
1.300720000000000000e+05,1.841000000000000000e+03,1.766000000000000000e+03,2.350000000000000000e+03,2.340890000000000000e+05
1.300920000000000000e+05,1.842000000000000000e+03,1.764000000000000000e+03,2.352000000000000000e+03,2.338080000000000000e+05
1.301120000000000000e+05,1.844000000000000000e+03,1.766000000000000000e+03,2.352000000000000000e+03,2.337050000000000000e+05
1.301320000000000000e+05,1.845000000000000000e+03,1.761000000000000000e+03,2.347000000000000000e+03,2.336820000000000000e+05
1.301520000000000000e+05,1.845000000000000000e+03,1.763000000000000000e+03,2.350000000000000000e+03,2.337640000000000000e+05
1.301720000000000000e+05,1.845000000000000000e+03,1.763000000000000000e+03,2.352000000000000000e+03,2.337940000000000000e+05
1.301920000000000000e+05,1.843000000000000000e+03,1.765000000000000000e+03,2.349000000000000000e+03,2.338530000000000000e+05
1.302120000000000000e+05,1.845000000000000000e+03,1.763000000000000000e+03,2.351000000000000000e+03,2.338740000000000000e+05
1.302320000000000000e+05,1.841000000000000000e+03,1.767000000000000000e+03,2.347000000000000000e+03,2.338590000000000000e+05
1.302520000000000000e+05,1.847000000000000000e+03,1.763000000000000000e+03,2.352000000000000000e+03,2.338340000000000000e+05
1.302720000000000000e+05,1.842000000000000000e+03,1.762000000000000000e+03,2.351000000000000000e+03,2.338500000000000000e+05
1.302920000000000000e+05,1.845000000000000000e+03,1.763000000000000000e+03,2.349000000000000000e+03,2.339140000000000000e+05
1.303120000000000000e+05,1.840000000000000000e+03,1.766000000000000000e+03,2.357000000000000000e+03,2.339980000000000000e+05
1.303320000000000000e+05,1.844000000000000000e+03,1.759000000000000000e+03,2.355000000000000000e+03,2.340520000000000000e+05
1.303510000000000000e+05,1.843000000000000000e+03,1.764000000000000000e+03,2.351000000000000000e+03,2.340770000000000000e+05
1.303710000000000000e+05,1.847000000000000000e+03,1.761000000000000000e+03,2.351000000000000000e+03,2.340870000000000000e+05
1.303910000000000000e+05,1.840000000000000000e+03,1.769000000000000000e+03,2.352000000000000000e+03,2.340740000000000000e+05
1.304110000000000000e+05,1.842000000000000000e+03,1.765000000000000000e+03,2.352000000000000000e+03,2.340630000000000000e+05
1.304310000000000000e+05,1.850000000000000000e+03,1.766000000000000000e+03,2.352000000000000000e+03,2.340760000000000000e+05
1.304510000000000000e+05,1.842000000000000000e+03,1.762000000000000000e+03,2.351000000000000000e+03,2.341060000000000000e+05
1.304710000000000000e+05,1.840000000000000000e+03,1.769000000000000000e+03,2.352000000000000000e+03,2.341600000000000000e+05
1.304910000000000000e+05,1.846000000000000000e+03,1.763000000000000000e+03,2.367000000000000000e+03,2.342290000000000000e+05
1.305110000000000000e+05,1.849000000000000000e+03,1.761000000000000000e+03,2.355000000000000000e+03,2.343220000000000000e+05
1.305310000000000000e+05,1.842000000000000000e+03,1.765000000000000000e+03,2.351000000000000000e+03,2.343840000000000000e+05
1.305510000000000000e+05,1.845000000000000000e+03,1.764000000000000000e+03,2.351000000000000000e+03,2.344330000000000000e+05
1.305710000000000000e+05,1.850000000000000000e+03,1.766000000000000000e+03,2.355000000000000000e+03,2.344910000000000000e+05
1.305910000000000000e+05,1.847000000000000000e+03,1.767000000000000000e+03,2.351000000000000000e+03,2.345620000000000000e+05
1.306110000000000000e+05,1.843000000000000000e+03,1.761000000000000000e+03,2.351000000000000000e+03,2.346170000000000000e+05
1.306310000000000000e+05,1.844000000000000000e+03,1.769000000000000000e+03,2.351000000000000000e+03,2.346770000000000000e+05
1.306510000000000000e+05,1.841000000000000000e+03,1.746000000000000000e+03,2.351000000000000000e+03,2.347070000000000000e+05
1.306710000000000000e+05,1.842000000000000000e+03,1.760000000000000000e+03,2.350000000000000000e+03,2.347530000000000000e+05
1.306910000000000000e+05,1.847000000000000000e+03,1.763000000000000000e+03,2.351000000000000000e+03,2.348340000000000000e+05
1.307110000000000000e+05,1.840000000000000000e+03,1.761000000000000000e+03,2.351000000000000000e+03,2.349200000000000000e+05
1.307310000000000000e+05,1.844000000000000000e+03,1.761000000000000000e+03,2.357000000000000000e+03,2.349490000000000000e+05
1.307510000000000000e+05,1.842000000000000000e+03,1.757000000000000000e+03,2.351000000000000000e+03,2.349330000000000000e+05
1.307710000000000000e+05,1.842000000000000000e+03,1.765000000000000000e+03,2.354000000000000000e+03,2.348490000000000000e+05
1.307910000000000000e+05,1.845000000000000000e+03,1.763000000000000000e+03,2.355000000000000000e+03,2.348040000000000000e+05
1.308110000000000000e+05,1.842000000000000000e+03,1.762000000000000000e+03,2.352000000000000000e+03,2.347910000000000000e+05
1.308310000000000000e+05,1.847000000000000000e+03,1.769000000000000000e+03,2.355000000000000000e+03,2.347850000000000000e+05
1.308510000000000000e+05,1.854000000000000000e+03,1.765000000000000000e+03,2.351000000000000000e+03,2.345890000000000000e+05
1.308710000000000000e+05,1.843000000000000000e+03,1.765000000000000000e+03,2.351000000000000000e+03,2.342060000000000000e+05
1.308910000000000000e+05,1.841000000000000000e+03,1.763000000000000000e+03,2.353000000000000000e+03,2.338240000000000000e+05
1.309110000000000000e+05,1.844000000000000000e+03,1.767000000000000000e+03,2.351000000000000000e+03,2.336330000000000000e+05
1.309310000000000000e+05,1.840000000000000000e+03,1.765000000000000000e+03,2.352000000000000000e+03,2.336290000000000000e+05
1.309510000000000000e+05,1.847000000000000000e+03,1.762000000000000000e+03,2.357000000000000000e+03,2.337270000000000000e+05
1.309710000000000000e+05,1.846000000000000000e+03,1.765000000000000000e+03,2.351000000000000000e+03,2.338270000000000000e+05
1.309910000000000000e+05,1.844000000000000000e+03,1.767000000000000000e+03,2.355000000000000000e+03,2.339200000000000000e+05
1.310110000000000000e+05,1.845000000000000000e+03,1.765000000000000000e+03,2.351000000000000000e+03,2.339260000000000000e+05
1.310310000000000000e+05,1.842000000000000000e+03,1.776000000000000000e+03,2.354000000000000000e+03,2.339500000000000000e+05
1.310510000000000000e+05,1.843000000000000000e+03,1.763000000000000000e+03,2.351000000000000000e+03,2.339410000000000000e+05
1.310710000000000000e+05,1.844000000000000000e+03,1.762000000000000000e+03,2.349000000000000000e+03,2.339380000000000000e+05
1.310910000000000000e+05,1.843000000000000000e+03,1.773000000000000000e+03,2.352000000000000000e+03,2.339990000000000000e+05
1.311100000000000000e+05,1.840000000000000000e+03,1.765000000000000000e+03,2.353000000000000000e+03,2.341080000000000000e+05
1.311300000000000000e+05,1.841000000000000000e+03,1.767000000000000000e+03,2.351000000000000000e+03,2.342240000000000000e+05
1.311500000000000000e+05,1.841000000000000000e+03,1.762000000000000000e+03,2.355000000000000000e+03,2.343010000000000000e+05
1.311700000000000000e+05,1.841000000000000000e+03,1.771000000000000000e+03,2.351000000000000000e+03,2.343410000000000000e+05
1.311900000000000000e+05,1.847000000000000000e+03,1.767000000000000000e+03,2.352000000000000000e+03,2.343500000000000000e+05
1.312100000000000000e+05,1.843000000000000000e+03,1.762000000000000000e+03,2.352000000000000000e+03,2.343610000000000000e+05
1.312300000000000000e+05,1.842000000000000000e+03,1.760000000000000000e+03,2.353000000000000000e+03,2.343600000000000000e+05
1.312500000000000000e+05,1.845000000000000000e+03,1.765000000000000000e+03,2.353000000000000000e+03,2.343810000000000000e+05
1.312700000000000000e+05,1.847000000000000000e+03,1.769000000000000000e+03,2.353000000000000000e+03,2.344100000000000000e+05
1.312900000000000000e+05,1.847000000000000000e+03,1.766000000000000000e+03,2.351000000000000000e+03,2.344610000000000000e+05
1.313100000000000000e+05,1.847000000000000000e+03,1.767000000000000000e+03,2.352000000000000000e+03,2.344920000000000000e+05
1.313300000000000000e+05,1.847000000000000000e+03,1.761000000000000000e+03,2.352000000000000000e+03,2.345610000000000000e+05
1.313500000000000000e+05,1.853000000000000000e+03,1.763000000000000000e+03,2.351000000000000000e+03,2.345990000000000000e+05
1.313700000000000000e+05,1.843000000000000000e+03,1.763000000000000000e+03,2.354000000000000000e+03,2.346430000000000000e+05
1.313900000000000000e+05,1.845000000000000000e+03,1.759000000000000000e+03,2.351000000000000000e+03,2.346940000000000000e+05
1.314100000000000000e+05,1.843000000000000000e+03,1.762000000000000000e+03,2.353000000000000000e+03,2.347520000000000000e+05
1.314300000000000000e+05,1.846000000000000000e+03,1.760000000000000000e+03,2.351000000000000000e+03,2.348260000000000000e+05
1.314500000000000000e+05,1.841000000000000000e+03,1.767000000000000000e+03,2.352000000000000000e+03,2.348860000000000000e+05
1.314700000000000000e+05,1.842000000000000000e+03,1.765000000000000000e+03,2.356000000000000000e+03,2.349220000000000000e+05
1.314900000000000000e+05,1.842000000000000000e+03,1.772000000000000000e+03,2.354000000000000000e+03,2.349490000000000000e+05
1.315100000000000000e+05,1.841000000000000000e+03,1.761000000000000000e+03,2.351000000000000000e+03,2.349790000000000000e+05
1.315300000000000000e+05,1.847000000000000000e+03,1.760000000000000000e+03,2.353000000000000000e+03,2.350170000000000000e+05
1.315500000000000000e+05,1.841000000000000000e+03,1.764000000000000000e+03,2.353000000000000000e+03,2.349330000000000000e+05
1.315700000000000000e+05,1.842000000000000000e+03,1.763000000000000000e+03,2.353000000000000000e+03,2.346230000000000000e+05
1.315900000000000000e+05,1.840000000000000000e+03,1.766000000000000000e+03,2.358000000000000000e+03,2.342320000000000000e+05
1.316100000000000000e+05,1.842000000000000000e+03,1.763000000000000000e+03,2.351000000000000000e+03,2.339750000000000000e+05
1.316300000000000000e+05,1.844000000000000000e+03,1.764000000000000000e+03,2.353000000000000000e+03,2.339190000000000000e+05
1.316500000000000000e+05,1.847000000000000000e+03,1.762000000000000000e+03,2.351000000000000000e+03,2.339670000000000000e+05
1.316700000000000000e+05,1.843000000000000000e+03,1.763000000000000000e+03,2.355000000000000000e+03,2.340900000000000000e+05
1.316900000000000000e+05,1.843000000000000000e+03,1.765000000000000000e+03,2.351000000000000000e+03,2.342320000000000000e+05
1.317100000000000000e+05,1.840000000000000000e+03,1.759000000000000000e+03,2.352000000000000000e+03,2.342950000000000000e+05
1.317300000000000000e+05,1.847000000000000000e+03,1.769000000000000000e+03,2.353000000000000000e+03,2.343030000000000000e+05
1.317500000000000000e+05,1.845000000000000000e+03,1.760000000000000000e+03,2.353000000000000000e+03,2.343190000000000000e+05
1.317700000000000000e+05,1.845000000000000000e+03,1.760000000000000000e+03,2.352000000000000000e+03,2.343590000000000000e+05
1.317900000000000000e+05,1.843000000000000000e+03,1.762000000000000000e+03,2.349000000000000000e+03,2.344080000000000000e+05
1.318100000000000000e+05,1.843000000000000000e+03,1.765000000000000000e+03,2.351000000000000000e+03,2.344820000000000000e+05
1.318300000000000000e+05,1.843000000000000000e+03,1.767000000000000000e+03,2.351000000000000000e+03,2.345380000000000000e+05
1.318500000000000000e+05,1.840000000000000000e+03,1.761000000000000000e+03,2.351000000000000000e+03,2.345770000000000000e+05
1.318690000000000000e+05,1.843000000000000000e+03,1.760000000000000000e+03,2.351000000000000000e+03,2.346460000000000000e+05
1.318890000000000000e+05,1.847000000000000000e+03,1.765000000000000000e+03,2.354000000000000000e+03,2.346820000000000000e+05
1.319090000000000000e+05,1.850000000000000000e+03,1.772000000000000000e+03,2.353000000000000000e+03,2.346650000000000000e+05
1.319290000000000000e+05,1.846000000000000000e+03,1.762000000000000000e+03,2.352000000000000000e+03,2.346330000000000000e+05
1.319490000000000000e+05,1.845000000000000000e+03,1.770000000000000000e+03,2.351000000000000000e+03,2.346030000000000000e+05
1.319690000000000000e+05,1.842000000000000000e+03,1.765000000000000000e+03,2.351000000000000000e+03,2.345940000000000000e+05
1.319890000000000000e+05,1.847000000000000000e+03,1.762000000000000000e+03,2.352000000000000000e+03,2.346590000000000000e+05
1.320090000000000000e+05,1.846000000000000000e+03,1.759000000000000000e+03,2.349000000000000000e+03,2.347360000000000000e+05
1.320290000000000000e+05,1.845000000000000000e+03,1.767000000000000000e+03,2.354000000000000000e+03,2.347850000000000000e+05
1.320490000000000000e+05,1.840000000000000000e+03,1.765000000000000000e+03,2.351000000000000000e+03,2.348270000000000000e+05
1.320690000000000000e+05,1.843000000000000000e+03,1.764000000000000000e+03,2.357000000000000000e+03,2.348520000000000000e+05
1.320890000000000000e+05,1.847000000000000000e+03,1.761000000000000000e+03,2.355000000000000000e+03,2.349030000000000000e+05
1.321090000000000000e+05,1.846000000000000000e+03,1.759000000000000000e+03,2.352000000000000000e+03,2.349770000000000000e+05
1.321290000000000000e+05,1.845000000000000000e+03,1.765000000000000000e+03,2.352000000000000000e+03,2.350020000000000000e+05
1.321490000000000000e+05,1.845000000000000000e+03,1.764000000000000000e+03,2.349000000000000000e+03,2.350070000000000000e+05
1.321690000000000000e+05,1.839000000000000000e+03,1.770000000000000000e+03,2.352000000000000000e+03,2.349980000000000000e+05
1.321890000000000000e+05,1.845000000000000000e+03,1.767000000000000000e+03,2.354000000000000000e+03,2.350030000000000000e+05
1.322090000000000000e+05,1.843000000000000000e+03,1.766000000000000000e+03,2.351000000000000000e+03,2.350280000000000000e+05
1.322290000000000000e+05,1.841000000000000000e+03,1.767000000000000000e+03,2.356000000000000000e+03,2.350770000000000000e+05
1.322490000000000000e+05,1.847000000000000000e+03,1.765000000000000000e+03,2.352000000000000000e+03,2.351510000000000000e+05
1.322690000000000000e+05,1.846000000000000000e+03,1.762000000000000000e+03,2.351000000000000000e+03,2.352270000000000000e+05
1.322890000000000000e+05,1.843000000000000000e+03,1.762000000000000000e+03,2.351000000000000000e+03,2.352140000000000000e+05
1.323090000000000000e+05,1.847000000000000000e+03,1.759000000000000000e+03,2.351000000000000000e+03,2.352120000000000000e+05
1.323290000000000000e+05,1.847000000000000000e+03,1.765000000000000000e+03,2.352000000000000000e+03,2.349550000000000000e+05
1.323490000000000000e+05,1.845000000000000000e+03,1.760000000000000000e+03,2.352000000000000000e+03,2.344960000000000000e+05
1.323690000000000000e+05,1.840000000000000000e+03,1.765000000000000000e+03,2.350000000000000000e+03,2.340690000000000000e+05
1.323890000000000000e+05,1.845000000000000000e+03,1.763000000000000000e+03,2.355000000000000000e+03,2.338450000000000000e+05
1.324090000000000000e+05,1.842000000000000000e+03,1.765000000000000000e+03,2.355000000000000000e+03,2.338030000000000000e+05
1.324290000000000000e+05,1.845000000000000000e+03,1.765000000000000000e+03,2.353000000000000000e+03,2.338520000000000000e+05
1.324490000000000000e+05,1.842000000000000000e+03,1.767000000000000000e+03,2.354000000000000000e+03,2.339720000000000000e+05
1.324690000000000000e+05,1.843000000000000000e+03,1.762000000000000000e+03,2.352000000000000000e+03,2.340300000000000000e+05
1.324890000000000000e+05,1.845000000000000000e+03,1.770000000000000000e+03,2.352000000000000000e+03,2.340680000000000000e+05
1.325090000000000000e+05,1.845000000000000000e+03,1.771000000000000000e+03,2.352000000000000000e+03,2.341000000000000000e+05
1.325290000000000000e+05,1.843000000000000000e+03,1.765000000000000000e+03,2.351000000000000000e+03,2.341160000000000000e+05
1.325490000000000000e+05,1.849000000000000000e+03,1.761000000000000000e+03,2.353000000000000000e+03,2.341460000000000000e+05
1.325690000000000000e+05,1.842000000000000000e+03,1.773000000000000000e+03,2.358000000000000000e+03,2.341840000000000000e+05
1.325890000000000000e+05,1.846000000000000000e+03,1.769000000000000000e+03,2.355000000000000000e+03,2.342750000000000000e+05
1.326090000000000000e+05,1.841000000000000000e+03,1.764000000000000000e+03,2.351000000000000000e+03,2.343860000000000000e+05
1.326280000000000000e+05,1.843000000000000000e+03,1.764000000000000000e+03,2.350000000000000000e+03,2.345140000000000000e+05
1.326480000000000000e+05,1.851000000000000000e+03,1.762000000000000000e+03,2.352000000000000000e+03,2.345610000000000000e+05
1.326680000000000000e+05,1.843000000000000000e+03,1.762000000000000000e+03,2.355000000000000000e+03,2.345500000000000000e+05
1.326880000000000000e+05,1.843000000000000000e+03,1.764000000000000000e+03,2.350000000000000000e+03,2.345260000000000000e+05
1.327080000000000000e+05,1.842000000000000000e+03,1.767000000000000000e+03,2.353000000000000000e+03,2.345080000000000000e+05
1.327280000000000000e+05,1.845000000000000000e+03,1.767000000000000000e+03,2.351000000000000000e+03,2.345050000000000000e+05
1.327480000000000000e+05,1.845000000000000000e+03,1.761000000000000000e+03,2.352000000000000000e+03,2.345610000000000000e+05
1.327680000000000000e+05,1.840000000000000000e+03,1.761000000000000000e+03,2.351000000000000000e+03,2.346100000000000000e+05
1.327880000000000000e+05,1.846000000000000000e+03,1.762000000000000000e+03,2.353000000000000000e+03,2.346590000000000000e+05
1.328080000000000000e+05,1.851000000000000000e+03,1.765000000000000000e+03,2.352000000000000000e+03,2.346880000000000000e+05
1.328280000000000000e+05,1.846000000000000000e+03,1.766000000000000000e+03,2.352000000000000000e+03,2.347240000000000000e+05
1.328480000000000000e+05,1.845000000000000000e+03,1.761000000000000000e+03,2.349000000000000000e+03,2.347740000000000000e+05
1.328680000000000000e+05,1.843000000000000000e+03,1.766000000000000000e+03,2.352000000000000000e+03,2.348380000000000000e+05
1.328880000000000000e+05,1.840000000000000000e+03,1.763000000000000000e+03,2.351000000000000000e+03,2.349190000000000000e+05
1.329080000000000000e+05,1.841000000000000000e+03,1.762000000000000000e+03,2.352000000000000000e+03,2.349990000000000000e+05
1.329280000000000000e+05,1.842000000000000000e+03,1.761000000000000000e+03,2.351000000000000000e+03,2.350840000000000000e+05
1.329480000000000000e+05,1.845000000000000000e+03,1.761000000000000000e+03,2.352000000000000000e+03,2.351260000000000000e+05
1.329680000000000000e+05,1.845000000000000000e+03,1.767000000000000000e+03,2.351000000000000000e+03,2.351300000000000000e+05
1.329880000000000000e+05,1.845000000000000000e+03,1.763000000000000000e+03,2.349000000000000000e+03,2.351570000000000000e+05
1.330080000000000000e+05,1.842000000000000000e+03,1.764000000000000000e+03,2.352000000000000000e+03,2.352080000000000000e+05
1.330280000000000000e+05,1.845000000000000000e+03,1.762000000000000000e+03,2.355000000000000000e+03,2.352630000000000000e+05
1.330480000000000000e+05,1.849000000000000000e+03,1.761000000000000000e+03,2.351000000000000000e+03,2.353140000000000000e+05
1.330680000000000000e+05,1.849000000000000000e+03,1.763000000000000000e+03,2.355000000000000000e+03,2.353450000000000000e+05
1.330880000000000000e+05,1.844000000000000000e+03,1.761000000000000000e+03,2.351000000000000000e+03,2.353050000000000000e+05
1.331080000000000000e+05,1.847000000000000000e+03,1.765000000000000000e+03,2.352000000000000000e+03,2.350290000000000000e+05
1.331280000000000000e+05,1.846000000000000000e+03,1.763000000000000000e+03,2.358000000000000000e+03,2.346170000000000000e+05
1.331480000000000000e+05,1.849000000000000000e+03,1.767000000000000000e+03,2.351000000000000000e+03,2.342940000000000000e+05
1.331680000000000000e+05,1.846000000000000000e+03,1.760000000000000000e+03,2.351000000000000000e+03,2.341230000000000000e+05
1.331880000000000000e+05,1.840000000000000000e+03,1.764000000000000000e+03,2.352000000000000000e+03,2.340950000000000000e+05
1.332080000000000000e+05,1.846000000000000000e+03,1.771000000000000000e+03,2.351000000000000000e+03,2.341250000000000000e+05
1.332280000000000000e+05,1.846000000000000000e+03,1.767000000000000000e+03,2.352000000000000000e+03,2.341970000000000000e+05
1.332480000000000000e+05,1.853000000000000000e+03,1.759000000000000000e+03,2.351000000000000000e+03,2.342740000000000000e+05
1.332680000000000000e+05,1.849000000000000000e+03,1.759000000000000000e+03,2.349000000000000000e+03,2.343580000000000000e+05
1.332880000000000000e+05,1.853000000000000000e+03,1.770000000000000000e+03,2.351000000000000000e+03,2.343850000000000000e+05
1.333080000000000000e+05,1.841000000000000000e+03,1.762000000000000000e+03,2.355000000000000000e+03,2.343760000000000000e+05
1.333280000000000000e+05,1.842000000000000000e+03,1.762000000000000000e+03,2.353000000000000000e+03,2.343850000000000000e+05
1.333480000000000000e+05,1.849000000000000000e+03,1.759000000000000000e+03,2.353000000000000000e+03,2.344640000000000000e+05
1.333680000000000000e+05,1.847000000000000000e+03,1.761000000000000000e+03,2.351000000000000000e+03,2.345750000000000000e+05
1.333880000000000000e+05,1.845000000000000000e+03,1.763000000000000000e+03,2.353000000000000000e+03,2.346550000000000000e+05
1.334070000000000000e+05,1.839000000000000000e+03,1.767000000000000000e+03,2.353000000000000000e+03,2.347080000000000000e+05
1.334270000000000000e+05,1.845000000000000000e+03,1.763000000000000000e+03,2.352000000000000000e+03,2.347440000000000000e+05
1.334470000000000000e+05,1.847000000000000000e+03,1.765000000000000000e+03,2.356000000000000000e+03,2.347710000000000000e+05
1.334670000000000000e+05,1.843000000000000000e+03,1.760000000000000000e+03,2.352000000000000000e+03,2.347870000000000000e+05
1.334870000000000000e+05,1.849000000000000000e+03,1.761000000000000000e+03,2.353000000000000000e+03,2.348370000000000000e+05
1.335070000000000000e+05,1.840000000000000000e+03,1.765000000000000000e+03,2.347000000000000000e+03,2.348580000000000000e+05
1.335270000000000000e+05,1.847000000000000000e+03,1.763000000000000000e+03,2.352000000000000000e+03,2.348780000000000000e+05
1.335470000000000000e+05,1.845000000000000000e+03,1.762000000000000000e+03,2.353000000000000000e+03,2.349070000000000000e+05
1.335670000000000000e+05,1.844000000000000000e+03,1.766000000000000000e+03,2.351000000000000000e+03,2.349550000000000000e+05
1.335870000000000000e+05,1.850000000000000000e+03,1.764000000000000000e+03,2.351000000000000000e+03,2.350340000000000000e+05
1.336070000000000000e+05,1.841000000000000000e+03,1.767000000000000000e+03,2.352000000000000000e+03,2.350820000000000000e+05
1.336270000000000000e+05,1.840000000000000000e+03,1.767000000000000000e+03,2.357000000000000000e+03,2.350890000000000000e+05
1.336470000000000000e+05,1.840000000000000000e+03,1.760000000000000000e+03,2.352000000000000000e+03,2.351140000000000000e+05
1.336670000000000000e+05,1.843000000000000000e+03,1.761000000000000000e+03,2.351000000000000000e+03,2.351360000000000000e+05
1.336870000000000000e+05,1.837000000000000000e+03,1.760000000000000000e+03,2.352000000000000000e+03,2.351850000000000000e+05
1.337070000000000000e+05,1.845000000000000000e+03,1.763000000000000000e+03,2.352000000000000000e+03,2.352460000000000000e+05
1.337270000000000000e+05,1.841000000000000000e+03,1.767000000000000000e+03,2.353000000000000000e+03,2.353070000000000000e+05
1.337470000000000000e+05,1.840000000000000000e+03,1.763000000000000000e+03,2.353000000000000000e+03,2.353300000000000000e+05
1.337670000000000000e+05,1.845000000000000000e+03,1.765000000000000000e+03,2.352000000000000000e+03,2.353570000000000000e+05
1.337870000000000000e+05,1.843000000000000000e+03,1.760000000000000000e+03,2.352000000000000000e+03,2.353680000000000000e+05
1.338070000000000000e+05,1.840000000000000000e+03,1.765000000000000000e+03,2.353000000000000000e+03,2.353950000000000000e+05
1.338270000000000000e+05,1.843000000000000000e+03,1.761000000000000000e+03,2.352000000000000000e+03,2.353840000000000000e+05
1.338470000000000000e+05,1.839000000000000000e+03,1.761000000000000000e+03,2.354000000000000000e+03,2.353800000000000000e+05
1.338670000000000000e+05,1.866000000000000000e+03,1.762000000000000000e+03,2.351000000000000000e+03,2.353570000000000000e+05
1.338870000000000000e+05,1.842000000000000000e+03,1.761000000000000000e+03,2.353000000000000000e+03,2.352250000000000000e+05
1.339070000000000000e+05,1.845000000000000000e+03,1.763000000000000000e+03,2.375000000000000000e+03,2.348840000000000000e+05
1.339270000000000000e+05,1.841000000000000000e+03,1.765000000000000000e+03,2.352000000000000000e+03,2.345230000000000000e+05
1.339470000000000000e+05,1.827000000000000000e+03,1.762000000000000000e+03,2.351000000000000000e+03,2.343110000000000000e+05
1.339670000000000000e+05,1.843000000000000000e+03,1.762000000000000000e+03,2.352000000000000000e+03,2.342750000000000000e+05
1.339870000000000000e+05,1.843000000000000000e+03,1.762000000000000000e+03,2.353000000000000000e+03,2.343370000000000000e+05
1.340070000000000000e+05,1.846000000000000000e+03,1.762000000000000000e+03,2.352000000000000000e+03,2.344280000000000000e+05
1.340270000000000000e+05,1.842000000000000000e+03,1.759000000000000000e+03,2.354000000000000000e+03,2.345230000000000000e+05
1.340470000000000000e+05,1.841000000000000000e+03,1.761000000000000000e+03,2.357000000000000000e+03,2.345730000000000000e+05
1.340670000000000000e+05,1.843000000000000000e+03,1.769000000000000000e+03,2.353000000000000000e+03,2.345750000000000000e+05
1.340870000000000000e+05,1.845000000000000000e+03,1.766000000000000000e+03,2.352000000000000000e+03,2.345870000000000000e+05
1.341070000000000000e+05,1.848000000000000000e+03,1.760000000000000000e+03,2.349000000000000000e+03,2.345490000000000000e+05
1.341270000000000000e+05,1.840000000000000000e+03,1.763000000000000000e+03,2.347000000000000000e+03,2.345400000000000000e+05
1.341470000000000000e+05,1.843000000000000000e+03,1.763000000000000000e+03,2.343000000000000000e+03,2.345880000000000000e+05
1.341660000000000000e+05,1.841000000000000000e+03,1.765000000000000000e+03,2.352000000000000000e+03,2.346410000000000000e+05
1.341860000000000000e+05,1.843000000000000000e+03,1.774000000000000000e+03,2.349000000000000000e+03,2.346920000000000000e+05
1.342060000000000000e+05,1.845000000000000000e+03,1.758000000000000000e+03,2.350000000000000000e+03,2.347100000000000000e+05
1.342260000000000000e+05,1.840000000000000000e+03,1.761000000000000000e+03,2.352000000000000000e+03,2.346980000000000000e+05
1.342460000000000000e+05,1.844000000000000000e+03,1.765000000000000000e+03,2.352000000000000000e+03,2.347090000000000000e+05
1.342660000000000000e+05,1.841000000000000000e+03,1.761000000000000000e+03,2.351000000000000000e+03,2.347390000000000000e+05
1.342860000000000000e+05,1.843000000000000000e+03,1.765000000000000000e+03,2.352000000000000000e+03,2.347680000000000000e+05
1.343060000000000000e+05,1.843000000000000000e+03,1.767000000000000000e+03,2.351000000000000000e+03,2.348060000000000000e+05
1.343260000000000000e+05,1.843000000000000000e+03,1.763000000000000000e+03,2.351000000000000000e+03,2.348430000000000000e+05
1.343460000000000000e+05,1.842000000000000000e+03,1.766000000000000000e+03,2.359000000000000000e+03,2.348840000000000000e+05
1.343660000000000000e+05,1.840000000000000000e+03,1.762000000000000000e+03,2.351000000000000000e+03,2.349170000000000000e+05
1.343860000000000000e+05,1.850000000000000000e+03,1.762000000000000000e+03,2.355000000000000000e+03,2.349620000000000000e+05
1.344060000000000000e+05,1.846000000000000000e+03,1.763000000000000000e+03,2.341000000000000000e+03,2.349980000000000000e+05
1.344260000000000000e+05,1.840000000000000000e+03,1.762000000000000000e+03,2.353000000000000000e+03,2.350220000000000000e+05
1.344460000000000000e+05,1.843000000000000000e+03,1.767000000000000000e+03,2.353000000000000000e+03,2.350830000000000000e+05
1.344660000000000000e+05,1.845000000000000000e+03,1.765000000000000000e+03,2.351000000000000000e+03,2.351200000000000000e+05
1.344860000000000000e+05,1.846000000000000000e+03,1.760000000000000000e+03,2.349000000000000000e+03,2.351930000000000000e+05
1.345060000000000000e+05,1.845000000000000000e+03,1.760000000000000000e+03,2.352000000000000000e+03,2.352670000000000000e+05
1.345260000000000000e+05,1.842000000000000000e+03,1.766000000000000000e+03,2.351000000000000000e+03,2.353340000000000000e+05
1.345460000000000000e+05,1.844000000000000000e+03,1.764000000000000000e+03,2.351000000000000000e+03,2.354100000000000000e+05
1.345660000000000000e+05,1.847000000000000000e+03,1.765000000000000000e+03,2.352000000000000000e+03,2.354510000000000000e+05
1.345860000000000000e+05,1.847000000000000000e+03,1.761000000000000000e+03,2.352000000000000000e+03,2.354210000000000000e+05
1.346060000000000000e+05,1.840000000000000000e+03,1.773000000000000000e+03,2.352000000000000000e+03,2.351460000000000000e+05
1.346260000000000000e+05,1.840000000000000000e+03,1.764000000000000000e+03,2.353000000000000000e+03,2.347710000000000000e+05
1.346460000000000000e+05,1.845000000000000000e+03,1.764000000000000000e+03,2.351000000000000000e+03,2.345490000000000000e+05
1.346660000000000000e+05,1.842000000000000000e+03,1.764000000000000000e+03,2.353000000000000000e+03,2.344920000000000000e+05
1.346860000000000000e+05,1.851000000000000000e+03,1.761000000000000000e+03,2.355000000000000000e+03,2.345830000000000000e+05
1.347060000000000000e+05,1.843000000000000000e+03,1.763000000000000000e+03,2.352000000000000000e+03,2.347030000000000000e+05
1.347260000000000000e+05,1.843000000000000000e+03,1.760000000000000000e+03,2.353000000000000000e+03,2.348010000000000000e+05
1.347460000000000000e+05,1.842000000000000000e+03,1.769000000000000000e+03,2.351000000000000000e+03,2.348180000000000000e+05
1.347660000000000000e+05,1.845000000000000000e+03,1.765000000000000000e+03,2.352000000000000000e+03,2.348290000000000000e+05
1.347860000000000000e+05,1.846000000000000000e+03,1.764000000000000000e+03,2.350000000000000000e+03,2.348500000000000000e+05
1.348060000000000000e+05,1.842000000000000000e+03,1.763000000000000000e+03,2.351000000000000000e+03,2.348780000000000000e+05
1.348260000000000000e+05,1.848000000000000000e+03,1.760000000000000000e+03,2.351000000000000000e+03,2.349370000000000000e+05
1.348460000000000000e+05,1.846000000000000000e+03,1.761000000000000000e+03,2.352000000000000000e+03,2.350120000000000000e+05
1.348660000000000000e+05,1.846000000000000000e+03,1.762000000000000000e+03,2.355000000000000000e+03,2.351760000000000000e+05
1.348860000000000000e+05,1.846000000000000000e+03,1.766000000000000000e+03,2.352000000000000000e+03,2.352710000000000000e+05
1.349060000000000000e+05,1.840000000000000000e+03,1.764000000000000000e+03,2.351000000000000000e+03,2.352990000000000000e+05
1.349250000000000000e+05,1.840000000000000000e+03,1.762000000000000000e+03,2.352000000000000000e+03,2.352570000000000000e+05
1.349450000000000000e+05,1.845000000000000000e+03,1.760000000000000000e+03,2.351000000000000000e+03,2.351970000000000000e+05
1.349650000000000000e+05,1.844000000000000000e+03,1.767000000000000000e+03,2.351000000000000000e+03,2.351480000000000000e+05
1.349850000000000000e+05,1.840000000000000000e+03,1.761000000000000000e+03,2.352000000000000000e+03,2.351250000000000000e+05
1.350050000000000000e+05,1.842000000000000000e+03,1.766000000000000000e+03,2.351000000000000000e+03,2.351400000000000000e+05
1.350250000000000000e+05,1.845000000000000000e+03,1.762000000000000000e+03,2.352000000000000000e+03,2.352010000000000000e+05
1.350450000000000000e+05,1.844000000000000000e+03,1.766000000000000000e+03,2.351000000000000000e+03,2.352560000000000000e+05
1.350650000000000000e+05,1.844000000000000000e+03,1.765000000000000000e+03,2.352000000000000000e+03,2.352940000000000000e+05
1.350850000000000000e+05,1.843000000000000000e+03,1.757000000000000000e+03,2.352000000000000000e+03,2.353360000000000000e+05
1.351050000000000000e+05,1.845000000000000000e+03,1.767000000000000000e+03,2.355000000000000000e+03,2.353520000000000000e+05
1.351250000000000000e+05,1.843000000000000000e+03,1.763000000000000000e+03,2.351000000000000000e+03,2.353440000000000000e+05
1.351450000000000000e+05,1.847000000000000000e+03,1.751000000000000000e+03,2.355000000000000000e+03,2.353370000000000000e+05
1.351650000000000000e+05,1.841000000000000000e+03,1.760000000000000000e+03,2.352000000000000000e+03,2.353490000000000000e+05
1.351850000000000000e+05,1.845000000000000000e+03,1.760000000000000000e+03,2.351000000000000000e+03,2.353400000000000000e+05
1.352050000000000000e+05,1.844000000000000000e+03,1.764000000000000000e+03,2.351000000000000000e+03,2.353410000000000000e+05
1.352250000000000000e+05,1.840000000000000000e+03,1.759000000000000000e+03,2.350000000000000000e+03,2.353420000000000000e+05
1.352450000000000000e+05,1.849000000000000000e+03,1.769000000000000000e+03,2.351000000000000000e+03,2.353410000000000000e+05
1.352650000000000000e+05,1.841000000000000000e+03,1.769000000000000000e+03,2.353000000000000000e+03,2.353770000000000000e+05
1.352850000000000000e+05,1.849000000000000000e+03,1.765000000000000000e+03,2.351000000000000000e+03,2.354110000000000000e+05
1.353050000000000000e+05,1.846000000000000000e+03,1.763000000000000000e+03,2.353000000000000000e+03,2.354550000000000000e+05
1.353250000000000000e+05,1.844000000000000000e+03,1.762000000000000000e+03,2.351000000000000000e+03,2.354710000000000000e+05
1.353450000000000000e+05,1.842000000000000000e+03,1.769000000000000000e+03,2.352000000000000000e+03,2.353530000000000000e+05
1.353650000000000000e+05,1.846000000000000000e+03,1.760000000000000000e+03,2.352000000000000000e+03,2.349870000000000000e+05
1.353850000000000000e+05,1.842000000000000000e+03,1.762000000000000000e+03,2.353000000000000000e+03,2.345670000000000000e+05
1.354050000000000000e+05,1.845000000000000000e+03,1.784000000000000000e+03,2.357000000000000000e+03,2.343600000000000000e+05
1.354250000000000000e+05,1.847000000000000000e+03,1.763000000000000000e+03,2.351000000000000000e+03,2.343050000000000000e+05
1.354450000000000000e+05,1.845000000000000000e+03,1.765000000000000000e+03,2.353000000000000000e+03,2.344020000000000000e+05
1.354650000000000000e+05,1.845000000000000000e+03,1.762000000000000000e+03,2.352000000000000000e+03,2.345660000000000000e+05
1.354850000000000000e+05,1.847000000000000000e+03,1.761000000000000000e+03,2.352000000000000000e+03,2.346950000000000000e+05
1.355050000000000000e+05,1.842000000000000000e+03,1.763000000000000000e+03,2.350000000000000000e+03,2.347800000000000000e+05
1.355250000000000000e+05,1.841000000000000000e+03,1.763000000000000000e+03,2.349000000000000000e+03,2.348170000000000000e+05
1.355450000000000000e+05,1.843000000000000000e+03,1.763000000000000000e+03,2.352000000000000000e+03,2.348440000000000000e+05
1.355650000000000000e+05,1.841000000000000000e+03,1.764000000000000000e+03,2.351000000000000000e+03,2.348790000000000000e+05
1.355850000000000000e+05,1.843000000000000000e+03,1.764000000000000000e+03,2.352000000000000000e+03,2.348810000000000000e+05
1.356050000000000000e+05,1.842000000000000000e+03,1.761000000000000000e+03,2.352000000000000000e+03,2.349410000000000000e+05
1.356250000000000000e+05,1.842000000000000000e+03,1.765000000000000000e+03,2.353000000000000000e+03,2.349980000000000000e+05
1.356450000000000000e+05,1.840000000000000000e+03,1.758000000000000000e+03,2.353000000000000000e+03,2.350400000000000000e+05
1.356650000000000000e+05,1.841000000000000000e+03,1.760000000000000000e+03,2.353000000000000000e+03,2.350850000000000000e+05
1.356850000000000000e+05,1.849000000000000000e+03,1.763000000000000000e+03,2.352000000000000000e+03,2.351160000000000000e+05
1.357050000000000000e+05,1.842000000000000000e+03,1.764000000000000000e+03,2.347000000000000000e+03,2.351200000000000000e+05
1.357240000000000000e+05,1.850000000000000000e+03,1.763000000000000000e+03,2.352000000000000000e+03,2.351520000000000000e+05
1.357440000000000000e+05,1.842000000000000000e+03,1.764000000000000000e+03,2.352000000000000000e+03,2.351620000000000000e+05
1.357640000000000000e+05,1.842000000000000000e+03,1.767000000000000000e+03,2.355000000000000000e+03,2.351760000000000000e+05
1.357840000000000000e+05,1.845000000000000000e+03,1.763000000000000000e+03,2.354000000000000000e+03,2.352020000000000000e+05
1.358040000000000000e+05,1.844000000000000000e+03,1.764000000000000000e+03,2.352000000000000000e+03,2.352740000000000000e+05
1.358240000000000000e+05,1.840000000000000000e+03,1.763000000000000000e+03,2.351000000000000000e+03,2.353070000000000000e+05
1.358440000000000000e+05,1.840000000000000000e+03,1.771000000000000000e+03,2.355000000000000000e+03,2.353760000000000000e+05
1.358640000000000000e+05,1.845000000000000000e+03,1.767000000000000000e+03,2.350000000000000000e+03,2.354280000000000000e+05
1.358840000000000000e+05,1.847000000000000000e+03,1.763000000000000000e+03,2.351000000000000000e+03,2.354640000000000000e+05
1.359040000000000000e+05,1.846000000000000000e+03,1.765000000000000000e+03,2.351000000000000000e+03,2.354610000000000000e+05
1.359240000000000000e+05,1.847000000000000000e+03,1.761000000000000000e+03,2.352000000000000000e+03,2.354790000000000000e+05
1.359440000000000000e+05,1.845000000000000000e+03,1.765000000000000000e+03,2.365000000000000000e+03,2.354780000000000000e+05
1.359640000000000000e+05,1.846000000000000000e+03,1.763000000000000000e+03,2.351000000000000000e+03,2.354820000000000000e+05
1.359840000000000000e+05,1.842000000000000000e+03,1.763000000000000000e+03,2.353000000000000000e+03,2.355130000000000000e+05
1.360040000000000000e+05,1.847000000000000000e+03,1.765000000000000000e+03,2.352000000000000000e+03,2.355140000000000000e+05
1.360240000000000000e+05,1.847000000000000000e+03,1.759000000000000000e+03,2.349000000000000000e+03,2.355530000000000000e+05
1.360440000000000000e+05,1.841000000000000000e+03,1.759000000000000000e+03,2.352000000000000000e+03,2.356000000000000000e+05
1.360640000000000000e+05,1.844000000000000000e+03,1.759000000000000000e+03,2.352000000000000000e+03,2.356420000000000000e+05
1.360840000000000000e+05,1.846000000000000000e+03,1.761000000000000000e+03,2.352000000000000000e+03,2.356830000000000000e+05
1.361040000000000000e+05,1.848000000000000000e+03,1.766000000000000000e+03,2.352000000000000000e+03,2.355980000000000000e+05
1.361240000000000000e+05,1.850000000000000000e+03,1.764000000000000000e+03,2.352000000000000000e+03,2.352600000000000000e+05
1.361440000000000000e+05,1.842000000000000000e+03,1.763000000000000000e+03,2.353000000000000000e+03,2.348050000000000000e+05
1.361640000000000000e+05,1.842000000000000000e+03,1.767000000000000000e+03,2.351000000000000000e+03,2.345360000000000000e+05
1.361840000000000000e+05,1.846000000000000000e+03,1.761000000000000000e+03,2.352000000000000000e+03,2.344710000000000000e+05
1.362040000000000000e+05,1.840000000000000000e+03,1.765000000000000000e+03,2.352000000000000000e+03,2.345330000000000000e+05
1.362240000000000000e+05,1.853000000000000000e+03,1.765000000000000000e+03,2.354000000000000000e+03,2.346180000000000000e+05
1.362440000000000000e+05,1.843000000000000000e+03,1.761000000000000000e+03,2.353000000000000000e+03,2.347050000000000000e+05
1.362640000000000000e+05,1.846000000000000000e+03,1.765000000000000000e+03,2.352000000000000000e+03,2.347750000000000000e+05
1.362840000000000000e+05,1.841000000000000000e+03,1.765000000000000000e+03,2.351000000000000000e+03,2.348260000000000000e+05
1.363040000000000000e+05,1.840000000000000000e+03,1.764000000000000000e+03,2.355000000000000000e+03,2.348520000000000000e+05
1.363240000000000000e+05,1.842000000000000000e+03,1.766000000000000000e+03,2.354000000000000000e+03,2.348230000000000000e+05
1.363440000000000000e+05,1.843000000000000000e+03,1.766000000000000000e+03,2.352000000000000000e+03,2.348340000000000000e+05
1.363640000000000000e+05,1.843000000000000000e+03,1.763000000000000000e+03,2.351000000000000000e+03,2.348570000000000000e+05
1.363840000000000000e+05,1.841000000000000000e+03,1.766000000000000000e+03,2.352000000000000000e+03,2.349070000000000000e+05
1.364040000000000000e+05,1.840000000000000000e+03,1.763000000000000000e+03,2.352000000000000000e+03,2.349220000000000000e+05
1.364240000000000000e+05,1.846000000000000000e+03,1.765000000000000000e+03,2.351000000000000000e+03,2.348980000000000000e+05
1.364440000000000000e+05,1.848000000000000000e+03,1.763000000000000000e+03,2.355000000000000000e+03,2.348580000000000000e+05
1.364640000000000000e+05,1.849000000000000000e+03,1.761000000000000000e+03,2.349000000000000000e+03,2.348720000000000000e+05
1.364840000000000000e+05,1.856000000000000000e+03,1.759000000000000000e+03,2.351000000000000000e+03,2.348860000000000000e+05
1.365030000000000000e+05,1.834000000000000000e+03,1.766000000000000000e+03,2.351000000000000000e+03,2.349410000000000000e+05
1.365230000000000000e+05,1.847000000000000000e+03,1.766000000000000000e+03,2.351000000000000000e+03,2.349750000000000000e+05
1.365430000000000000e+05,1.846000000000000000e+03,1.761000000000000000e+03,2.352000000000000000e+03,2.350030000000000000e+05
1.365630000000000000e+05,1.844000000000000000e+03,1.767000000000000000e+03,2.352000000000000000e+03,2.350110000000000000e+05
1.365830000000000000e+05,1.847000000000000000e+03,1.759000000000000000e+03,2.351000000000000000e+03,2.350410000000000000e+05
1.366030000000000000e+05,1.843000000000000000e+03,1.763000000000000000e+03,2.343000000000000000e+03,2.350780000000000000e+05
1.366230000000000000e+05,1.843000000000000000e+03,1.761000000000000000e+03,2.352000000000000000e+03,2.351010000000000000e+05
1.366430000000000000e+05,1.843000000000000000e+03,1.762000000000000000e+03,2.352000000000000000e+03,2.350950000000000000e+05
1.366630000000000000e+05,1.841000000000000000e+03,1.763000000000000000e+03,2.359000000000000000e+03,2.351220000000000000e+05
1.366830000000000000e+05,1.840000000000000000e+03,1.766000000000000000e+03,2.352000000000000000e+03,2.351410000000000000e+05
1.367030000000000000e+05,1.847000000000000000e+03,1.758000000000000000e+03,2.351000000000000000e+03,2.351940000000000000e+05
1.367230000000000000e+05,1.843000000000000000e+03,1.766000000000000000e+03,2.353000000000000000e+03,2.352170000000000000e+05
1.367430000000000000e+05,1.840000000000000000e+03,1.767000000000000000e+03,2.351000000000000000e+03,2.352220000000000000e+05
1.367630000000000000e+05,1.840000000000000000e+03,1.760000000000000000e+03,2.352000000000000000e+03,2.352210000000000000e+05
1.367830000000000000e+05,1.847000000000000000e+03,1.760000000000000000e+03,2.369000000000000000e+03,2.352530000000000000e+05
1.368030000000000000e+05,1.843000000000000000e+03,1.765000000000000000e+03,2.351000000000000000e+03,2.352850000000000000e+05
1.368230000000000000e+05,1.846000000000000000e+03,1.766000000000000000e+03,2.327000000000000000e+03,2.353260000000000000e+05
1.368430000000000000e+05,1.845000000000000000e+03,1.766000000000000000e+03,2.369000000000000000e+03,2.351860000000000000e+05
1.368630000000000000e+05,1.863000000000000000e+03,1.759000000000000000e+03,2.352000000000000000e+03,2.348060000000000000e+05
1.368830000000000000e+05,1.843000000000000000e+03,1.759000000000000000e+03,2.355000000000000000e+03,2.344130000000000000e+05
1.369030000000000000e+05,1.850000000000000000e+03,1.765000000000000000e+03,2.339000000000000000e+03,2.341720000000000000e+05
1.369230000000000000e+05,1.845000000000000000e+03,1.767000000000000000e+03,2.354000000000000000e+03,2.341450000000000000e+05
1.369430000000000000e+05,1.845000000000000000e+03,1.763000000000000000e+03,2.352000000000000000e+03,2.342130000000000000e+05
1.369630000000000000e+05,1.843000000000000000e+03,1.763000000000000000e+03,2.353000000000000000e+03,2.343230000000000000e+05
1.369830000000000000e+05,1.840000000000000000e+03,1.762000000000000000e+03,2.354000000000000000e+03,2.344140000000000000e+05
1.370030000000000000e+05,1.849000000000000000e+03,1.767000000000000000e+03,2.351000000000000000e+03,2.344850000000000000e+05
1.370230000000000000e+05,1.842000000000000000e+03,1.761000000000000000e+03,2.358000000000000000e+03,2.345230000000000000e+05
1.370430000000000000e+05,1.846000000000000000e+03,1.763000000000000000e+03,2.354000000000000000e+03,2.345570000000000000e+05
1.370630000000000000e+05,1.842000000000000000e+03,1.763000000000000000e+03,2.347000000000000000e+03,2.346080000000000000e+05
1.370830000000000000e+05,1.843000000000000000e+03,1.763000000000000000e+03,2.353000000000000000e+03,2.346350000000000000e+05
1.371030000000000000e+05,1.843000000000000000e+03,1.767000000000000000e+03,2.352000000000000000e+03,2.346850000000000000e+05
1.371230000000000000e+05,1.845000000000000000e+03,1.761000000000000000e+03,2.352000000000000000e+03,2.347530000000000000e+05
1.371430000000000000e+05,1.840000000000000000e+03,1.758000000000000000e+03,2.349000000000000000e+03,2.348240000000000000e+05
1.371630000000000000e+05,1.841000000000000000e+03,1.759000000000000000e+03,2.355000000000000000e+03,2.348760000000000000e+05
1.371830000000000000e+05,1.840000000000000000e+03,1.757000000000000000e+03,2.351000000000000000e+03,2.348670000000000000e+05
1.372030000000000000e+05,1.843000000000000000e+03,1.762000000000000000e+03,2.352000000000000000e+03,2.348500000000000000e+05
1.372230000000000000e+05,1.843000000000000000e+03,1.763000000000000000e+03,2.353000000000000000e+03,2.348720000000000000e+05
1.372430000000000000e+05,1.840000000000000000e+03,1.760000000000000000e+03,2.354000000000000000e+03,2.348840000000000000e+05
1.372620000000000000e+05,1.845000000000000000e+03,1.766000000000000000e+03,2.353000000000000000e+03,2.348980000000000000e+05
1.372820000000000000e+05,1.843000000000000000e+03,1.765000000000000000e+03,2.351000000000000000e+03,2.349150000000000000e+05
1.373020000000000000e+05,1.843000000000000000e+03,1.762000000000000000e+03,2.357000000000000000e+03,2.349240000000000000e+05
1.373220000000000000e+05,1.845000000000000000e+03,1.762000000000000000e+03,2.357000000000000000e+03,2.349500000000000000e+05
1.373420000000000000e+05,1.843000000000000000e+03,1.763000000000000000e+03,2.352000000000000000e+03,2.349480000000000000e+05
1.373620000000000000e+05,1.842000000000000000e+03,1.764000000000000000e+03,2.355000000000000000e+03,2.350030000000000000e+05
1.373820000000000000e+05,1.842000000000000000e+03,1.763000000000000000e+03,2.351000000000000000e+03,2.350570000000000000e+05
1.374020000000000000e+05,1.842000000000000000e+03,1.764000000000000000e+03,2.352000000000000000e+03,2.350710000000000000e+05
1.374220000000000000e+05,1.843000000000000000e+03,1.764000000000000000e+03,2.353000000000000000e+03,2.350850000000000000e+05
1.374420000000000000e+05,1.845000000000000000e+03,1.767000000000000000e+03,2.352000000000000000e+03,2.351090000000000000e+05
1.374620000000000000e+05,1.843000000000000000e+03,1.761000000000000000e+03,2.352000000000000000e+03,2.351480000000000000e+05
1.374820000000000000e+05,1.845000000000000000e+03,1.765000000000000000e+03,2.355000000000000000e+03,2.351890000000000000e+05
1.375020000000000000e+05,1.846000000000000000e+03,1.767000000000000000e+03,2.352000000000000000e+03,2.351940000000000000e+05
1.375220000000000000e+05,1.847000000000000000e+03,1.762000000000000000e+03,2.354000000000000000e+03,2.352220000000000000e+05
1.375420000000000000e+05,1.847000000000000000e+03,1.764000000000000000e+03,2.353000000000000000e+03,2.352470000000000000e+05
1.375620000000000000e+05,1.845000000000000000e+03,1.766000000000000000e+03,2.354000000000000000e+03,2.352950000000000000e+05
1.375820000000000000e+05,1.842000000000000000e+03,1.761000000000000000e+03,2.353000000000000000e+03,2.352790000000000000e+05
1.376020000000000000e+05,1.841000000000000000e+03,1.765000000000000000e+03,2.351000000000000000e+03,2.351090000000000000e+05
1.376220000000000000e+05,1.842000000000000000e+03,1.761000000000000000e+03,2.352000000000000000e+03,2.346780000000000000e+05
1.376420000000000000e+05,1.840000000000000000e+03,1.761000000000000000e+03,2.355000000000000000e+03,2.342380000000000000e+05
1.376620000000000000e+05,1.840000000000000000e+03,1.770000000000000000e+03,2.352000000000000000e+03,2.340070000000000000e+05
1.376820000000000000e+05,1.841000000000000000e+03,1.759000000000000000e+03,2.351000000000000000e+03,2.339740000000000000e+05
1.377020000000000000e+05,1.840000000000000000e+03,1.765000000000000000e+03,2.353000000000000000e+03,2.340570000000000000e+05
1.377220000000000000e+05,1.841000000000000000e+03,1.761000000000000000e+03,2.352000000000000000e+03,2.341550000000000000e+05
1.377420000000000000e+05,1.844000000000000000e+03,1.762000000000000000e+03,2.349000000000000000e+03,2.342460000000000000e+05
1.377620000000000000e+05,1.841000000000000000e+03,1.759000000000000000e+03,2.347000000000000000e+03,2.343030000000000000e+05
1.377820000000000000e+05,1.841000000000000000e+03,1.760000000000000000e+03,2.353000000000000000e+03,2.343450000000000000e+05
1.378020000000000000e+05,1.845000000000000000e+03,1.758000000000000000e+03,2.350000000000000000e+03,2.343500000000000000e+05
1.378220000000000000e+05,1.842000000000000000e+03,1.760000000000000000e+03,2.353000000000000000e+03,2.343550000000000000e+05
1.378420000000000000e+05,1.845000000000000000e+03,1.761000000000000000e+03,2.347000000000000000e+03,2.343720000000000000e+05
1.378620000000000000e+05,1.841000000000000000e+03,1.763000000000000000e+03,2.352000000000000000e+03,2.344220000000000000e+05
1.378820000000000000e+05,1.848000000000000000e+03,1.761000000000000000e+03,2.352000000000000000e+03,2.344900000000000000e+05
1.379020000000000000e+05,1.849000000000000000e+03,1.763000000000000000e+03,2.353000000000000000e+03,2.345430000000000000e+05
1.379220000000000000e+05,1.843000000000000000e+03,1.762000000000000000e+03,2.355000000000000000e+03,2.345630000000000000e+05
1.379420000000000000e+05,1.842000000000000000e+03,1.764000000000000000e+03,2.352000000000000000e+03,2.345510000000000000e+05
1.379620000000000000e+05,1.844000000000000000e+03,1.769000000000000000e+03,2.351000000000000000e+03,2.345450000000000000e+05
1.379820000000000000e+05,1.846000000000000000e+03,1.765000000000000000e+03,2.351000000000000000e+03,2.345380000000000000e+05
1.380020000000000000e+05,1.842000000000000000e+03,1.764000000000000000e+03,2.353000000000000000e+03,2.345380000000000000e+05
1.380210000000000000e+05,1.845000000000000000e+03,1.763000000000000000e+03,2.353000000000000000e+03,2.345550000000000000e+05
1.380410000000000000e+05,1.842000000000000000e+03,1.767000000000000000e+03,2.351000000000000000e+03,2.346260000000000000e+05
1.380610000000000000e+05,1.843000000000000000e+03,1.760000000000000000e+03,2.353000000000000000e+03,2.346830000000000000e+05
1.380810000000000000e+05,1.845000000000000000e+03,1.760000000000000000e+03,2.359000000000000000e+03,2.347480000000000000e+05
1.381010000000000000e+05,1.846000000000000000e+03,1.764000000000000000e+03,2.353000000000000000e+03,2.347980000000000000e+05
1.381210000000000000e+05,1.847000000000000000e+03,1.766000000000000000e+03,2.353000000000000000e+03,2.348690000000000000e+05
1.381410000000000000e+05,1.843000000000000000e+03,1.762000000000000000e+03,2.353000000000000000e+03,2.349250000000000000e+05
1.381610000000000000e+05,1.849000000000000000e+03,1.769000000000000000e+03,2.351000000000000000e+03,2.349790000000000000e+05
1.381810000000000000e+05,1.843000000000000000e+03,1.765000000000000000e+03,2.349000000000000000e+03,2.350230000000000000e+05
1.382010000000000000e+05,1.843000000000000000e+03,1.758000000000000000e+03,2.355000000000000000e+03,2.350360000000000000e+05
